=~=~=~=~=~=~=~=~=~=~=~= PuTTY log 2025.01.21 17:55:57 =~=~=~=~=~=~=~=~=~=~=~=
button 1 has been pressed!
Video Play
1 , 1, 930488
2 , 1, 931330
3 , 1, 930749
4 , 1, 930524
5 , 1, 929062
6 , 1, 929115
7 , 1, 928952
8 , 1, 933098
9 , 1, 928164
10 , 1, 928407
11 , 1, 928979
12 , 1, 930614
13 , 1, 931052
14 , 1, 929628
15 , 1, 928400
16 , 1, 927133
17 , 1, 929258
18 , 1, 929279
19 , 1, 930428
20 , 1, 929756
21 , 1, 928986
22 , 1, 930297
23 , 1, 930299
24 , 0, 930831
25 , 1, 929901
26 , 1, 929794
27 , 1, 930976
28 , 1, 928474
29 , 1, 929600
30 , 1, 928736
31 , 1, 929719
32 , 1, 928346
33 , 1, 931478
34 , 1, 928898
35 , 1, 929246
36 , 1, 927237
37 , 1, 931305
38 , 1, 931537
39 , 1, 929761
40 , 1, 928597
41 , 1, 929847
42 , 1, 929995
43 , 1, 930520
44 , 1, 930081
45 , 1, 930787
46 , 1, 928343
47 , 1, 928518
48 , 0, 929645
49 , 1, 929318
50 , 1, 931947
51 , 1, 931239
52 , 1, 931075
53 , 1, 929531
54 , 1, 928287
55 , 1, 929973
56 , 1, 928638
57 , 1, 927150
58 , 1, 929854
59 , 1, 929408
60 , 1, 929751
61 , 1, 930335
62 , 1, 930246
63 , 1, 929596
64 , 1, 929105
65 , 1, 930725
66 , 1, 930415
67 , 1, 929745
68 , 1, 929815
69 , 1, 931957
70 , 1, 928823
71 , 1, 931512
72 , 0, 930173
73 , 1, 925964
74 , 1, 927198
75 , 1, 931059
76 , 1, 927827
77 , 1, 929618
78 , 1, 931324
79 , 1, 926074
80 , 1, 929809
81 , 1, 930086
82 , 1, 930326
83 , 1, 929812
84 , 1, 930521
85 , 1, 931948
86 , 1, 931106
87 , 1, 930096
88 , 1, 930481
89 , 1, 930106
90 , 1, 928519
91 , 1, 929362
92 , 1, 930085
93 , 1, 928726
94 , 1, 930073
95 , 1, 930130
96 , 0, 929860
97 , 1, 929692
98 , 1, 931196
99 , 1, 929292
100 , 1, 929264
101 , 1, 929955
102 , 1, 928782
103 , 1, 930605
104 , 1, 929185
105 , 1, 930571
106 , 1, 932735
107 , 1, 929547
108 , 1, 929390
109 , 1, 929053
110 , 1, 928365
111 , 1, 929653
112 , 1, 928285
113 , 1, 928756
114 , 1, 929578
115 , 1, 929993
116 , 1, 930696
117 , 1, 928733
118 , 1, 929712
119 , 1, 931326
120 , 0, 930322
121 , 1, 928467
122 , 1, 928561
123 , 1, 927465
124 , 1, 930290
125 , 1, 930683
126 , 1, 929453
127 , 1, 931580
128 , 1, 930910
129 , 1, 929900
130 , 1, 930966
131 , 1, 928952
132 , 1, 931256
133 , 1, 928451
134 , 1, 929834
135 , 1, 929422
136 , 1, 930119
137 , 1, 930580
138 , 1, 930503
139 , 1, 929112
140 , 1, 931282
141 , 1, 929832
142 , 1, 931343
143 , 1, 930239
144 , 0, 929863
145 , 1, 929531
146 , 1, 930113
147 , 1, 931779
148 , 1, 929023
149 , 1, 930596
150 , 1, 928405
151 , 1, 929635
152 , 1, 929826
153 , 1, 928963
154 , 1, 930082
155 , 1, 928101
156 , 1, 930144
157 , 1, 930989
158 , 1, 930123
159 , 1, 929924
160 , 1, 928586
161 , 1, 930409
162 , 1, 928706
163 , 1, 930118
164 , 1, 930802
165 , 1, 931567
166 , 1, 927171
1