1 , 1, 1362102
2 , 1, 1396824
3 , 1, 1346522
4 , 1, 1337256
5 , 1, 1347450
6 , 1, 1350879
7 , 1, 1356737
8 , 1, 1399371
9 , 1, 1466388
10 , 1, 1465268
11 , 1, 1462198
12 , 1, 1524768
13 , 1, 1517181
14 , 1, 1494098
15 , 1, 1459347
16 , 1, 1418591
17 , 1, 1382188
18 , 1, 1359231
19 , 1, 1341811
20 , 1, 1353913
21 , 1, 1346421
22 , 1, 1336018
23 , 1, 1328943
24 , 0, 5438796
25 , 1, 1316236
26 , 1, 1302892
27 , 1, 1329137
28 , 1, 1305963
29 , 1, 1298179
30 , 1, 1305124
31 , 1, 1508966
32 , 1, 1495714
33 , 1, 1464034
34 , 1, 1448458
35 , 1, 1512231
36 , 1, 1544676
37 , 1, 1576099
38 , 1, 1638591
39 , 1, 1613251
40 , 1, 1599997
41 , 1, 1673144
42 , 1, 1651098
43 , 1, 1520935
44 , 1, 1443287
45 , 1, 1662106
46 , 1, 1724880
47 , 1, 1716572
48 , 0, 5314447
49 , 1, 1633222
50 , 1, 1541482
51 , 1, 1442838
52 , 1, 1342626
53 , 1, 1352061
54 , 1, 1346405
55 , 1, 1314240
56 , 1, 1271671
57 , 1, 1294102
58 , 1, 1300706
59 , 1, 1302297
60 , 1, 1330705
61 , 1, 1338449
62 , 1, 1350054
63 , 1, 1349155
64 , 1, 1325516
65 , 1, 1314031
66 , 1, 1319769
67 , 1, 1305402
68 , 1, 1283105
69 , 1, 1260931
70 , 1, 1251476
71 , 1, 1269766
72 , 0, 5298575
73 , 1, 1237767
74 , 1, 1149130
75 , 1, 1051718
76 , 1, 1069593
77 , 1, 1084342
78 , 1, 1095791
79 , 1, 1111783
80 , 1, 1119476
81 , 1, 1102491
82 , 1, 1104041
83 , 1, 1087676
84 , 1, 1144201
85 , 1, 1153746
86 , 1, 1114485
87 , 1, 1151005
88 , 1, 1167504
89 , 1, 1180464
90 , 1, 1175093
91 , 1, 1204137
92 , 1, 1399754
93 , 1, 1525760
94 , 1, 1617761
95 , 1, 1694811
96 , 0, 5424373
97 , 1, 1510439
98 , 1, 1460285
99 , 1, 1563718
100 , 1, 1560977
101 , 1, 1499211
102 , 1, 1530218
103 , 1, 1608021
104 , 1, 1659802
105 , 1, 1641065
106 , 1, 1801831
107 , 1, 1854848
108 , 1, 1789426
109 , 1, 1992560
110 , 1, 1830991
111 , 1, 1819599
112 , 1, 1797031
113 , 1, 1753463
114 , 1, 1689195
115 , 1, 1657509
116 , 1, 1689104
117 , 1, 1387640
118 , 1, 1136107
119 , 1, 1064302
120 , 0, 5163187
121 , 1, 1036555
122 , 1, 1013957
123 , 1, 985864
124 , 1, 968878
125 , 1, 970111
126 , 1, 981356
127 , 1, 988745
128 , 1, 987839
129 , 1, 977906
130 , 1, 978658
131 , 1, 961181
132 , 1, 957092
133 , 1, 964393
134 , 1, 962600
135 , 1, 966801
136 , 1, 971301
137 , 1, 975533
138 , 1, 971076
139 , 1, 961989
140 , 1, 955851
141 , 1, 947012
142 , 1, 952835
143 , 1, 962268
144 , 0, 5162123
145 , 1, 975376
146 , 1, 972390
147 , 1, 960585
148 , 1, 950451
149 , 1, 938982
150 , 1, 921064
151 , 1, 925144
152 , 1, 947123
153 , 1, 961288
154 , 1, 962849
155 , 1, 964433
156 , 1, 967570
157 , 1, 964994
158 , 1, 959999
159 , 1, 943455
160 , 1, 930726
161 , 1, 929616
162 , 1, 935645
163 , 1, 933005
164 , 1, 930262
165 , 1, 926628
166 , 1, 939490
167 , 1, 935409
168 , 0, 5158952
169 , 0, 8435585
170 , 1, 3249503
171 , 1, 3348219
172 , 1, 3383150
173 , 1, 3355963
174 , 1, 3388163
175 , 1, 3375748
176 , 1, 3683167
177 , 1, 3069331
178 , 1, 3699865
179 , 1, 3049850
180 , 1, 3677192
181 , 1, 3051753
182 , 1, 3691274
183 , 1, 3067646
184 , 1, 3653870
185 , 1, 3329260
186 , 1, 3232589
187 , 1, 3636471
188 , 1, 3128520
189 , 1, 3353752
190 , 1, 3356132
191 , 1, 3568579
192 , 1, 3109874
193 , 0, 8353459
194 , 1, 3319568
195 , 1, 3321233
196 , 1, 3353729
197 , 1, 3367178
198 , 1, 3334573
199 , 1, 3366149
200 , 1, 3354787
201 , 1, 3343048
202 , 1, 3366235
203 , 1, 3378157
204 , 1, 3638235
205 , 1, 3111746
206 , 1, 3473269
207 , 1, 3322184
208 , 1, 3349162
209 , 1, 3389572
210 , 1, 3425856
211 , 1, 3398221
212 , 1, 3419056
213 , 1, 3447721
214 , 1, 3434266
215 , 1, 3450555
216 , 1, 3461122
217 , 0, 8337647
218 , 1, 3433215
219 , 1, 3498219
220 , 1, 3469845
221 , 1, 3467631
222 , 1, 3479776
223 , 1, 3460206
224 , 1, 3465852
225 , 1, 3700204
226 , 1, 3229741
227 , 1, 3505721
228 , 1, 3382074
229 , 1, 3379022
230 , 1, 3404965
231 , 1, 3659649
232 , 1, 3153020
233 , 1, 3424778
234 , 1, 3293501
235 , 1, 3638051
236 , 1, 3376035
237 , 1, 3207413
238 , 1, 3364326
239 , 1, 3288869
240 , 1, 3533460
241 , 0, 8152233
242 , 1, 3528269
243 , 1, 3030946
244 , 1, 3937094
245 , 1, 3118519
246 , 1, 3347914
247 , 1, 3046027
248 , 1, 3480280
249 , 1, 3010692
250 , 1, 3265520
251 , 1, 3162012
252 , 1, 3237222
253 , 1, 3197172
254 , 1, 3254321
255 , 1, 3209148
256 , 1, 3267167
257 , 1, 3226123
258 , 1, 3254142
259 , 1, 3211245
260 , 1, 3239706
261 , 1, 3238546
262 , 1, 3282687
263 , 1, 3245327
264 , 1, 3234912
265 , 0, 8121684
266 , 1, 3253550
267 , 1, 3239528
268 , 1, 3269826
269 , 1, 3235669
270 , 1, 3273768
271 , 1, 3240530
272 , 1, 3252424
273 , 1, 3231419
274 , 1, 3280196
275 , 1, 3275822
276 , 1, 3275322
277 , 1, 3221756
278 , 1, 3263905
279 , 1, 3226379
280 , 1, 3266408
281 , 1, 3256134
282 , 1, 3270434
283 , 1, 3227926
284 , 1, 3275889
285 , 1, 3217097
286 , 1, 3267151
287 , 1, 3215718
288 , 1, 3279209
289 , 0, 8119166
290 , 1, 3247526
291 , 1, 3230870
292 , 1, 3245130
293 , 1, 3238051
294 , 1, 3250951
295 , 1, 3204171
296 , 1, 3261402
297 , 1, 3223980
298 , 1, 3244208
299 , 1, 3271109
300 , 1, 3282475
301 , 1, 3261721
302 , 1, 3267089
303 , 1, 3297904
304 , 1, 3294008
305 , 1, 3290790
306 , 1, 3303359
307 , 1, 3312194
308 , 1, 3316161
309 , 1, 3316608
310 , 1, 3354353
311 , 1, 3340218
312 , 1, 3369382
313 , 0, 8224950
314 , 1, 3396503
315 , 1, 3363294
316 , 1, 3391934
317 , 1, 3365180
318 , 1, 3378433
319 , 1, 3384996
320 , 1, 3396686
321 , 1, 3413709
322 , 1, 3403656
323 , 1, 3415675
324 , 1, 3454780
325 , 1, 3444974
326 , 1, 3462263
327 , 1, 3443369
328 , 1, 3482515
329 , 1, 3459819
330 , 1, 3461011
331 , 1, 3445985
332 , 1, 3512038
333 , 1, 3458593
334 , 1, 3509940
335 , 1, 3469329
336 , 1, 3489388
337 , 0, 8390547
338 , 1, 3490634
339 , 1, 3459016
340 , 1, 3516851
341 , 1, 3467387
342 , 1, 3457391
343 , 1, 3485900
344 , 1, 3463206
345 , 1, 3426866
346 , 1, 3499171
347 , 1, 3483277
348 , 1, 3436354
349 , 1, 3509252
350 , 1, 3450911
351 , 1, 3481487
352 , 1, 3201187
353 , 1, 3640522
354 , 1, 3404198
355 , 1, 3206542
356 , 1, 3602575
357 , 1, 3412568
358 , 1, 3504891
359 , 1, 3215259
360 , 1, 3692616
361 , 0, 8353051
362 , 1, 3193467
363 , 1, 3631701
364 , 1, 3389326
365 , 1, 3495079
366 , 1, 3480650
367 , 1, 3509528
368 , 1, 3472717
369 , 1, 3251506
370 , 1, 3605859
371 , 1, 3375431
372 , 1, 3387042
373 , 1, 3142391
374 , 1, 3522120
375 , 1, 3286415
376 , 1, 3098836
377 , 1, 3463141
378 , 1, 3266066
379 , 1, 3279138
380 , 1, 3246048
381 , 1, 3283085
382 , 1, 3212827
383 , 1, 3274827
384 , 1, 3221620
385 , 0, 7843144
386 , 1, 3184605
387 , 1, 3234886
388 , 1, 3154441
389 , 1, 3184057
390 , 1, 3118045
391 , 1, 3218274
392 , 1, 3108574
393 , 1, 3204076
394 , 1, 3108778
395 , 1, 3186493
396 , 1, 3128682
397 , 1, 3174474
398 , 1, 3101491
399 , 1, 3160607
400 , 1, 3092150
401 , 1, 3128812
402 , 1, 3116117
403 , 1, 3147177
404 , 1, 3132611
405 , 1, 3143920
406 , 1, 3156149
407 , 1, 3149032
408 , 1, 3146424
409 , 0, 7530022
410 , 1, 3185788
411 , 1, 3170760
412 , 1, 3166139
413 , 1, 3192578
414 , 1, 3161546
415 , 1, 3191416
416 , 1, 3204963
417 , 1, 3231259
418 , 1, 3223356
419 , 1, 3238817
420 , 1, 3256884
421 , 1, 3247841
422 , 1, 3307724
423 , 1, 3326487
424 , 1, 3337211
425 , 1, 3349107
426 , 1, 3284476
427 , 1, 3275648
428 , 1, 3261472
429 , 1, 3254717
430 , 1, 3276506
431 , 1, 3283384
432 , 1, 3249486
433 , 0, 7597554
434 , 1, 3259654
435 , 1, 3279387
436 , 1, 3248049
437 , 1, 3259257
438 , 1, 3263365
439 , 1, 3254883
440 , 1, 3272455
441 , 1, 3269920
442 , 1, 3252753
443 , 1, 3270188
444 , 1, 3252248
445 , 1, 3261813
446 , 1, 3244911
447 , 1, 3266389
448 , 1, 3246168
449 , 1, 3249476
450 , 1, 3259049
451 , 1, 3257099
452 , 1, 3270124
453 , 1, 3251646
454 , 1, 3272441
455 , 1, 3251263
456 , 1, 3269604
457 , 0, 7486289
458 , 1, 3259286
459 , 1, 3251637
460 , 1, 3244695
461 , 1, 3269784
462 , 1, 3263162
463 , 1, 3270814
464 , 1, 3262282
465 , 1, 3264112
466 , 1, 3272036
467 , 1, 3251113
468 , 1, 3263909
469 , 1, 3249047
470 , 1, 3242756
471 , 1, 3262425
472 , 1, 3244900
473 , 1, 3252646
474 , 1, 3240082
475 , 1, 3249977
476 , 1, 3375650
477 , 1, 3227787
478 , 1, 3186366
479 , 1, 3211301
480 , 1, 3211381
481 , 0, 7386805
482 , 1, 3210896
483 , 1, 3180307
484 , 1, 3185092
485 , 1, 3166872
486 , 1, 3177457
487 , 1, 3284947
488 , 1, 3160143
489 , 1, 3129324
490 , 1, 3174387
491 , 1, 3140561
492 , 1, 3143114
493 , 1, 3159635
494 , 1, 3547205
495 , 1, 3192942
496 , 1, 3184682
497 , 1, 3183855
498 , 1, 3102619
499 , 1, 3114324
500 , 1, 3093469
501 , 1, 3104236
502 , 1, 3092046
503 , 1, 3080676
504 , 1, 3105579
505 , 0, 7271937
506 , 1, 3082500
507 , 1, 3085302
508 , 1, 3082495
509 , 1, 3054327
510 , 1, 3046101
511 , 1, 3050479
512 , 1, 3065228
513 , 1, 3035799
514 , 1, 3026254
515 , 1, 3019224
516 , 1, 3027962
517 , 1, 3013799
518 , 1, 3002802
519 , 1, 3028063
520 , 1, 3002913
521 , 1, 2995407
522 , 1, 3002833
523 , 1, 2988844
524 , 1, 3115517
525 , 1, 2952477
526 , 1, 2930599
527 , 1, 2959849
528 , 1, 2915817
529 , 0, 7166065
530 , 1, 2904265
531 , 1, 2907954
532 , 1, 2909197
533 , 1, 2906670
534 , 1, 3041922
535 , 1, 2870242
536 , 1, 2846845
537 , 1, 2863726
538 , 1, 2843367
539 , 1, 3005046
540 , 1, 2795894
541 , 1, 2832329
542 , 1, 2812553
543 , 1, 2863097
544 , 1, 2825062
545 , 1, 2827212
546 , 1, 2960706
547 , 1, 2793770
548 , 1, 2798842
549 , 1, 2814835
550 , 1, 2811642
551 , 1, 2791254
552 , 1, 2805747
553 , 0, 7039836
554 , 1, 2777473
555 , 1, 2929179
556 , 1, 2727940
557 , 1, 2725932
558 , 1, 2750623
559 , 1, 2764526
560 , 1, 2701409
561 , 1, 2707978
562 , 1, 2857343
563 , 1, 2645460
564 , 1, 2699986
565 , 1, 2686711
566 , 1, 2782204
567 , 1, 2591925
568 , 1, 2634889
569 , 1, 2617063
570 , 1, 2632099
571 , 1, 2593910
572 , 1, 2589803
573 , 1, 2743009
574 , 1, 2508084
575 , 1, 2560943
576 , 1, 2705139
577 , 0, 6974294
578 , 1, 2564441
579 , 1, 2554503
580 , 1, 2520423
581 , 1, 2533689
582 , 1, 2502502
583 , 1, 2674164
584 , 1, 2422589
585 , 1, 2471213
586 , 1, 2474937
587 , 1, 2629087
588 , 1, 2384052
589 , 1, 2417777
590 , 1, 2436941
591 , 1, 2438864
592 , 1, 2428149
593 , 1, 2572230
594 , 1, 2324963
595 , 1, 2414406
596 , 1, 2373113
597 , 1, 2351792
598 , 1, 2394123
599 , 1, 2537549
600 , 1, 2273893
601 , 0, 6900167
602 , 1, 2488947
603 , 1, 2211308
604 , 1, 2490025
605 , 1, 2170285
606 , 1, 2377439
607 , 1, 2457801
608 , 1, 2224229
609 , 1, 2463099
610 , 1, 2166677
611 , 1, 2456268
612 , 1, 2157753
613 , 1, 2439136
614 , 1, 2143042
615 , 1, 2445811
616 , 1, 2122296
617 , 1, 2276983
618 , 1, 2405546
619 , 1, 2091089
620 , 1, 2440166
621 , 1, 2033504
622 , 1, 2424145
623 , 1, 2023582
624 , 1, 2401464
625 , 0, 6848690
626 , 1, 2369105
627 , 1, 1944526
628 , 1, 2329462
629 , 1, 1917014
630 , 1, 2293761
631 , 1, 1895918
632 , 1, 2126984
633 , 1, 2218013
634 , 1, 1880733
635 , 1, 2244286
636 , 1, 1801676
637 , 1, 2222535
638 , 1, 1780178
639 , 1, 2040571
640 , 1, 2152609
641 , 1, 1750702
642 , 1, 2044758
643 , 1, 2129521
644 , 1, 1725922
645 , 1, 2201637
646 , 1, 1677792
647 , 1, 1990799
648 , 1, 2098547
649 , 0, 6812462
650 , 1, 1964643
651 , 1, 2074679
652 , 1, 1589442
653 , 1, 1944484
654 , 1, 2068658
655 , 1, 1566086
656 , 1, 1890061
657 , 1, 1754848
658 , 1, 2037341
659 , 1, 1540295
660 , 1, 1909160
661 , 1, 1690597
662 , 1, 2051734
663 , 1, 1566188
664 , 1, 2005607
665 , 1, 1815135
666 , 1, 1942441
667 , 1, 1958138
668 , 1, 2001320
669 , 1, 2064790
670 , 1, 2126532
671 , 1, 2150159
672 , 1, 2201994
673 , 0, 6777664
674 , 1, 2496460
675 , 1, 2230190
676 , 1, 2410238
677 , 1, 2386121
678 , 1, 2433393
679 , 1, 2601973
680 , 1, 2467052
681 , 1, 2466666
682 , 1, 2567207
683 , 1, 2621739
684 , 1, 2526896
685 , 1, 2591277
686 , 1, 2624250
687 , 1, 2741299
688 , 1, 2631452
689 , 1, 2694673
690 , 1, 2767310
691 , 1, 2667517
692 , 1, 2702347
693 , 1, 2708002
694 , 1, 2822482
695 , 1, 2722103
696 , 1, 2761370
697 , 0, 6784217
698 , 1, 2884555
699 , 1, 2757807
700 , 1, 2824639
701 , 1, 2794039
702 , 1, 2893560
703 , 1, 2773429
704 , 1, 2820258
705 , 1, 2865904
706 , 1, 2740043
707 , 1, 2788686
708 , 1, 2734821
709 , 1, 2864860
710 , 1, 2738121
711 , 1, 2799621
712 , 1, 2785618
713 , 1, 2792139
714 , 1, 2865977
715 , 1, 2746422
716 , 1, 2755842
717 , 1, 2771512
718 , 1, 2758665
719 , 1, 2591490
720 , 1, 2591261
721 , 0, 6767584
722 , 1, 2546357
723 , 1, 2687747
724 , 1, 2515444
725 , 1, 2550304
726 , 1, 2544129
727 , 1, 2491948
728 , 1, 2517496
729 , 1, 2519844
730 , 1, 2593890
731 , 1, 2512272
732 , 1, 2518263
733 , 1, 2461609
734 , 1, 2516021
735 , 1, 2428573
736 , 1, 2472932
737 , 1, 2441328
738 , 1, 2266213
739 , 1, 2169547
740 , 1, 2200114
741 , 1, 1715960
742 , 1, 2146524
743 , 1, 1592144
744 , 1, 2547092
745 , 0, 6850642
746 , 1, 2035496
747 , 1, 1528664
748 , 1, 1342647
749 , 1, 1896339
750 , 1, 1194778
751 , 1, 1738485
752 , 1, 1128731
753 , 1, 1577444
754 , 1, 1099683
755 , 1, 1534378
756 , 1, 1537660
757 , 1, 1549396
758 , 1, 1597607
759 , 1, 1548706
760 , 1, 1582691
761 , 0, 8018155
762 , 1, 1890343
763 , 1, 1188967
764 , 1, 1563739
765 , 1, 2103214
766 , 1, 2320749
767 , 1, 2635443
768 , 1, 2708932
769 , 1, 2948887
770 , 1, 3041074
771 , 1, 3248956
772 , 1, 3314624
773 , 1, 3520780
774 , 1, 3640600
775 , 1, 3704082
776 , 1, 3785505
777 , 1, 3913097
778 , 1, 4013876
779 , 1, 4020934
780 , 1, 4120438
781 , 1, 4228392
782 , 1, 4291973
783 , 1, 4342809
784 , 1, 4410193
785 , 0, 7866411
786 , 1, 4506299
787 , 1, 4535265
788 , 1, 4546157
789 , 1, 4610158
790 , 1, 4639372
791 , 1, 4662965
792 , 1, 4678525
793 , 1, 4700050
794 , 1, 4700621
795 , 1, 4706585
796 , 1, 4713091
797 , 1, 4731150
798 , 1, 4709275
799 , 1, 4707974
800 , 1, 4675817
801 , 1, 4656280
802 , 1, 4617212
803 , 1, 4594910
804 , 1, 4560992
805 , 1, 4515722
806 , 1, 4474124
807 , 1, 4422138
808 , 1, 4352355
809 , 0, 7652070
810 , 1, 4213989
811 , 1, 4148921
812 , 1, 4072195
813 , 1, 4028438
814 , 1, 3984566
815 , 1, 3943491
816 , 1, 3894135
817 , 1, 3818883
818 , 1, 3769192
819 , 1, 3700991
820 , 1, 3672821
821 , 1, 3593337
822 , 1, 3538162
823 , 1, 3576029
824 , 1, 3425077
825 , 1, 3284039
826 , 1, 3271817
827 , 1, 3142422
828 , 1, 3131997
829 , 1, 3001401
830 , 1, 3127003
831 , 1, 2734239
832 , 1, 2910933
833 , 0, 7540720
834 , 1, 2579662
835 , 1, 2788847
836 , 1, 2181312
837 , 1, 2425521
838 , 1, 2542063
839 , 1, 1685860
840 , 1, 2141458
841 , 1, 2279571
842 , 1, 1330338
843 , 1, 1735022
844 , 1, 1573575
845 , 1, 2027459
846 , 1, 1089727
847 , 1, 1634058
848 , 1, 1345536
849 , 1, 1299418
850 , 1, 1296938
851 , 1, 1325394
852 , 1, 1155766
853 , 1, 1247915
854 , 1, 1567550
855 , 1, 1424267
856 , 1, 1441557
857 , 0, 7749537
858 , 1, 1485250
859 , 1, 1282812
860 , 1, 1488663
861 , 1, 1555301
862 , 1, 1610596
863 , 1, 1673854
864 , 1, 1685734
865 , 1, 1699383
866 , 1, 1718843
867 , 1, 1678090
868 , 1, 1668371
869 , 1, 2123549
870 , 1, 1206342
871 , 1, 1334614
872 , 1, 1889668
873 , 1, 1103724
874 , 1, 1302003
875 , 1, 1603005
876 , 1, 1548010
877 , 1, 1958037
878 , 1, 1082396
879 , 1, 1336278
880 , 1, 1470024
881 , 0, 7876659
882 , 1, 1544186
883 , 1, 1294449
884 , 1, 1644785
885 , 1, 1755931
886 , 1, 1716727
887 , 1, 1721962
888 , 1, 1739335
889 , 1, 1770877
890 , 1, 1802334
891 , 1, 1772883
892 , 1, 1811816
893 , 1, 1802857
894 , 1, 1758147
895 , 1, 2238726
896 , 1, 1232720
897 , 1, 1592996
898 , 1, 1662170
899 , 1, 1627157
900 , 1, 2055498
901 , 1, 1560009
902 , 1, 1608340
903 , 1, 1233353
904 , 1, 2083329
905 , 0, 7975912
906 , 1, 1299172
907 , 1, 1866829
908 , 1, 2150350
909 , 1, 1313672
910 , 1, 1695924
911 , 1, 1804849
912 , 1, 2199907
913 , 1, 1465762
914 , 1, 1878755
915 , 1, 1921116
916 , 1, 1857505
917 , 1, 1901314
918 , 1, 1865346
919 , 1, 1881711
920 , 1, 1895606
921 , 1, 1972899
922 , 1, 1981046
923 , 1, 2032858
924 , 1, 1972580
925 , 1, 1949784
926 , 1, 1919172
927 , 1, 1904068
928 , 1, 2367179
929 , 0, 7591530
930 , 1, 1908141
931 , 1, 1983186
932 , 1, 1972147
933 , 1, 1967927
934 , 1, 1911236
935 , 1, 1923494
936 , 1, 1941381
937 , 1, 1984745
938 , 1, 1986656
939 , 1, 2020930
940 , 1, 1983357
941 , 1, 1958157
942 , 1, 2391514
943 , 1, 1597594
944 , 1, 1845825
945 , 1, 1987216
946 , 1, 1945417
947 , 1, 1904271
948 , 1, 2290118
949 , 1, 1546722
950 , 1, 1754458
951 , 1, 1877469
952 , 1, 2282661
953 , 0, 7458619
954 , 1, 1785705
955 , 1, 2072146
956 , 1, 1480796
957 , 1, 1518684
958 , 1, 1511901
959 , 1, 1856642
960 , 1, 1434137
961 , 1, 1743551
962 , 0, 5002457
963 , 1, 907846
964 , 1, 898342
965 , 1, 900833
966 , 1, 900409
967 , 1, 900814
968 , 1, 898967
969 , 1, 900790
970 , 1, 899721
971 , 1, 893225
972 , 1, 902677
973 , 1, 899159
974 , 1, 899153
975 , 1, 913763
976 , 1, 917987
977 , 1, 925826
978 , 1, 934185
979 , 1, 947571
980 , 1, 955486
981 , 1, 963516
982 , 1, 975442
983 , 1, 983678
984 , 1, 992455
985 , 1, 994101
986 , 0, 5066532
987 , 1, 1008371
988 , 1, 1011832
989 , 1, 1016180
990 , 1, 1032910
991 , 1, 1042862
992 , 1, 1048547
993 , 1, 1063205
994 , 1, 1066639
995 , 1, 1077348
996 , 1, 1093879
997 , 1, 1109142
998 , 1, 1117074
999 , 1, 1131444
1000 , 1, 1137800
1001 , 1, 1152554
1002 , 1, 1177027
1003 , 1, 1202573
1004 , 1, 1231201
1005 , 1, 1246241
1006 , 1, 1263142
1007 , 1, 1278699
1008 , 1, 1280968
1009 , 1, 1281146
1010 , 0, 5244690
1011 , 1, 1305992
1012 , 1, 1320776
1013 , 1, 1335058
1014 , 1, 1342785
1015 , 1, 1354671
1016 , 1, 1357140
1017 , 1, 1344399
1018 , 1, 1343568
1019 , 1, 1362910
1020 , 1, 1368467
1021 , 1, 1363574
1022 , 1, 1350780
1023 , 1, 1349303
1024 , 1, 1335182
1025 , 1, 1310850
1026 , 1, 1286559
1027 , 1, 1269794
1028 , 1, 1266946
1029 , 1, 1258704
1030 , 1, 1238599
1031 , 1, 1231745
1032 , 1, 1216638
1033 , 1, 1212946
1034 , 0, 5313560
1035 , 1, 1193689
1036 , 1, 1181868
1037 , 1, 1166194
1038 , 1, 1136364
1039 , 1, 1116169
1040 , 1, 1084123
1041 , 1, 1067581
1042 , 1, 1057965
1043 , 1, 1021549
1044 , 1, 1005024
1045 , 1, 979807
1046 , 1, 990716
1047 , 1, 988656
1048 , 1, 1003178
1049 , 1, 1004341
1050 , 1, 1000259
1051 , 1, 999897
1052 , 1, 1001735
1053 , 1, 1027066
1054 , 1, 1055919
1055 , 1, 1086064
1056 , 1, 1085757
1057 , 1, 1085163
1058 , 0, 5307147
1059 , 1, 1093011
1060 , 1, 1093308
1061 , 1, 1096683
1062 , 1, 1101328
1063 , 1, 1082705
1064 , 1, 1109876
1065 , 1, 1108738
1066 , 1, 1113740
1067 , 1, 1106671
1068 , 1, 1096126
1069 , 1, 1076340
1070 , 1, 1078589
1071 , 1, 1077957
1072 , 0, 5262799
1073 , 1, 1534719
1074 , 1, 1437653
1075 , 1, 1399789
1076 , 1, 1471546
1077 , 1, 1498764
1078 , 1, 1528500
1079 , 1, 1535344
1080 , 1, 1504760
1081 , 1, 1476774
1082 , 1, 1505296
1083 , 1, 1478659
1084 , 1, 1426991
1085 , 1, 1385402
1086 , 1, 1346239
1087 , 1, 1302673
1088 , 1, 1333116
1089 , 1, 1336093
1090 , 1, 1356127
1091 , 1, 1377128
1092 , 1, 1300981
1093 , 1, 1265909
1094 , 1, 1331152
1095 , 1, 1363296
1096 , 0, 5315334
1097 , 1, 1395218
1098 , 1, 1336512
1099 , 1, 1325390
1100 , 1, 1454358
1101 , 1, 1481519
1102 , 1, 1404647
1103 , 1, 1398073
1104 , 1, 1499532
1105 , 1, 1491274
1106 , 1, 1395091
1107 , 1, 1313012
1108 , 1, 1366899
1109 , 1, 1383724
1110 , 1, 1296970
1111 , 1, 1220085
1112 , 1, 1153441
1113 , 1, 1107904
1114 , 1, 1115531
1115 , 1, 1153528
1116 , 1, 1317481
1117 , 1, 1413739
1118 , 1, 1505816
1119 , 1, 1568423
1120 , 0, 5331703
1121 , 1, 1606004
1122 , 1, 1621872
1123 , 1, 1625314
1124 , 1, 1621369
1125 , 1, 1608844
1126 , 1, 1590165
1127 , 1, 1616178
1128 , 1, 1628499
1129 , 1, 1636170
1130 , 1, 1636164
1131 , 1, 1637317
1132 , 1, 1624965
1133 , 1, 1594738
1134 , 1, 1556884
1135 , 1, 1529929
1136 , 1, 1521493
1137 , 1, 1515223
1138 , 1, 1503936
1139 , 1, 1473183
1140 , 1, 1437327
1141 , 1, 1366453
1142 , 1, 1282828
1143 , 1, 1239776
1144 , 0, 5388127
1145 , 1, 1204127
1146 , 1, 1167038
1147 , 0, 6841635
1148 , 1, 1395341
1149 , 1, 1140551
1150 , 1, 1080302
1151 , 1, 1043495
1152 , 1, 1017623
1153 , 1, 1064222
1154 , 1, 1119299
1155 , 1, 1141322
1156 , 1, 1149943
1157 , 1, 1152247
1158 , 1, 1135882
1159 , 1, 1090616
1160 , 1, 1105994
1161 , 1, 1093526
1162 , 1, 1105540
1163 , 1, 1105056
1164 , 1, 1119213
1165 , 1, 1176937
1166 , 1, 1216498
1167 , 1, 1240772
1168 , 1, 1221727
1169 , 1, 1239601
1170 , 1, 1264659
1171 , 0, 6908107
1172 , 1, 1256887
1173 , 1, 1247062
1174 , 1, 1290708
1175 , 1, 1317044
1176 , 1, 1329717
1177 , 1, 1320528
1178 , 1, 1314700
1179 , 1, 1375698
1180 , 1, 1379916
1181 , 1, 1291937
1182 , 1, 1473474
1183 , 1, 1377523
1184 , 1, 1375117
1185 , 1, 1342708
1186 , 1, 1405680
1187 , 1, 1304554
1188 , 1, 1380595
1189 , 1, 1361606
1190 , 1, 1581344
1191 , 1, 1433025
1192 , 1, 1455354
1193 , 1, 1321063
1194 , 1, 1602914
1195 , 0, 6619583
1196 , 1, 1615691
1197 , 1, 1496488
1198 , 1, 1371561
1199 , 1, 1456709
1200 , 1, 1756764
1201 , 1, 1404764
1202 , 1, 1701730
1203 , 1, 1472693
1204 , 1, 1824116
1205 , 1, 1519929
1206 , 1, 1814395
1207 , 1, 1713279
1208 , 1, 1709855
1209 , 1, 1727664
1210 , 1, 1752051
1211 , 1, 1630333
1212 , 1, 2373977
1213 , 1, 1632386
1214 , 1, 1693712
1215 , 1, 1769530
1216 , 1, 1749191
1217 , 1, 1691187
1218 , 1, 1656258
1219 , 0, 5257160
1220 , 1, 1609458
1221 , 1, 1614905
1222 , 1, 1664201
1223 , 1, 1706446
1224 , 1, 1698360
1225 , 1, 1820570
1226 , 1, 1705724
1227 , 1, 1783470
1228 , 1, 1650185
1229 , 1, 1610176
1230 , 1, 1591446
1231 , 1, 1589055
1232 , 1, 1574972
1233 , 1, 1572651
1234 , 1, 1580409
1235 , 1, 1567403
1236 , 1, 1584941
1237 , 1, 1584470
1238 , 1, 1577561
1239 , 1, 1613429
1240 , 1, 1597553
1241 , 1, 1561137
1242 , 1, 1537041
1243 , 0, 5319477
1244 , 1, 1526460
1245 , 1, 1532010
1246 , 1, 1574002
1247 , 1, 1564548
1248 , 1, 1552835
1249 , 1, 1549852
1250 , 1, 1553772
1251 , 1, 1604053
1252 , 1, 1635286
1253 , 1, 1649124
1254 , 1, 1660893
1255 , 1, 1689541
1256 , 1, 1699368
1257 , 1, 1653905
1258 , 1, 1680679
1259 , 1, 1736499
1260 , 1, 1698460
1261 , 1, 1662150
1262 , 1, 1618639
1263 , 1, 1582886
1264 , 1, 1574285
1265 , 1, 1807056
1266 , 1, 1998256
1267 , 0, 5288849
1268 , 1, 2189616
1269 , 1, 2250320
1270 , 1, 2282338
1271 , 1, 2316943
1272 , 1, 2338972
1273 , 1, 2283895
1274 , 1, 2213900
1275 , 1, 2114993
1276 , 1, 2025099
1277 , 1, 1977146
1278 , 1, 1946466
1279 , 1, 1885314
1280 , 1, 1768763
1281 , 1, 1574431
1282 , 0, 5829503
1283 , 1, 1209012
1284 , 1, 1020206
1285 , 1, 1000578
1286 , 1, 999580
1287 , 1, 989748
1288 , 1, 985419
1289 , 1, 966816
1290 , 1, 970771
1291 , 1, 963944
1292 , 1, 989433
1293 , 1, 988795
1294 , 1, 951699
1295 , 1, 966392
1296 , 1, 1017396
1297 , 1, 1011487
1298 , 1, 970529
1299 , 1, 1027095
1300 , 1, 1013178
1301 , 1, 995341
1302 , 1, 1040125
1303 , 1, 966174
1304 , 1, 1021272
1305 , 1, 1007553
1306 , 0, 5921517
1307 , 1, 1034677
1308 , 1, 967919
1309 , 1, 1026552
1310 , 1, 1014658
1311 , 1, 1001581
1312 , 1, 1050666
1313 , 1, 974025
1314 , 1, 1026058
1315 , 1, 1008982
1316 , 1, 987228
1317 , 1, 1023846
1318 , 1, 953566
1319 , 1, 1014421
1320 , 1, 997613
1321 , 1, 971619
1322 , 1, 1019741
1323 , 1, 946010
1324 , 1, 1001017
1325 , 1, 989834
1326 , 1, 969980
1327 , 0, 6465723
1328 , 1, 1235483
1329 , 1, 1055333
1330 , 1, 1003569
1331 , 1, 981378
1332 , 1, 977531
1333 , 1, 966455
1334 , 1, 961707
1335 , 1, 970065
1336 , 1, 972373
1337 , 1, 974486
1338 , 1, 984709
1339 , 1, 984621
1340 , 1, 988080
1341 , 1, 999019
1342 , 1, 1005593
1343 , 1, 1003738
1344 , 1, 1025708
1345 , 1, 1018419
1346 , 1, 1032925
1347 , 1, 1046651
1348 , 1, 1048376
1349 , 1, 1046354
1350 , 1, 1057250
1351 , 0, 6540110
1352 , 1, 1052866
1353 , 1, 1048433
1354 , 1, 1041377
1355 , 1, 1036546
1356 , 1, 1052850
1357 , 1, 1053409
1358 , 1, 1045706
1359 , 1, 1049028
1360 , 1, 1044778
1361 , 1, 1037678
1362 , 1, 1030885
1363 , 1, 1034270
1364 , 1, 1017876
1365 , 1, 1028387
1366 , 1, 1033532
1367 , 1, 1012287
1368 , 1, 1014758
1369 , 1, 1009003
1370 , 1, 996516
1371 , 1, 1000014
1372 , 1, 990312
1373 , 1, 982826
1374 , 1, 976596
1375 , 0, 6506263
1376 , 1, 953769
1377 , 1, 956299
1378 , 1, 956080
1379 , 0, 5266824
1380 , 1, 1514025
1381 , 1, 1564263
1382 , 1, 1630900
1383 , 1, 1494719
1384 , 1, 1498961
1385 , 1, 1394476
1386 , 1, 1487484
1387 , 1, 1532084
1388 , 1, 1665218
1389 , 1, 1635173
1390 , 1, 1631945
1391 , 1, 1527912
1392 , 1, 1520514
1393 , 1, 1617143
1394 , 1, 1655716
1395 , 1, 1630043
1396 , 1, 1660836
1397 , 1, 1605268
1398 , 1, 1658427
1399 , 1, 1838793
1400 , 1, 1964292
1401 , 1, 2046289
1402 , 1, 2091301
1403 , 0, 5335584
1404 , 1, 2166112
1405 , 1, 2195874
1406 , 1, 2241829
1407 , 1, 2248833
1408 , 1, 2281263
1409 , 1, 2272356
1410 , 1, 2294309
1411 , 1, 2245318
1412 , 1, 2221552
1413 , 1, 2140008
1414 , 1, 2175829
1415 , 1, 2193905
1416 , 1, 2180242
1417 , 1, 2162104
1418 , 1, 2118057
1419 , 1, 2020492
1420 , 1, 1927007
1421 , 1, 1706581
1422 , 1, 1733440
1423 , 1, 1825856
1424 , 1, 1848578
1425 , 1, 1868559
1426 , 1, 1883004
1427 , 0, 5356473
1428 , 1, 1746587
1429 , 0, 7606786
1430 , 1, 2151534
1431 , 1, 1554991
1432 , 1, 1869439
1433 , 1, 2652080
1434 , 1, 2433786
1435 , 1, 2591112
1436 , 1, 2882439
1437 , 1, 2990294
1438 , 1, 3210028
1439 , 1, 3208042
1440 , 1, 3284059
1441 , 1, 3537127
1442 , 1, 3441810
1443 , 1, 3742023
1444 , 1, 3567377
1445 , 1, 3817605
1446 , 1, 3788007
1447 , 1, 3942552
1448 , 1, 3996554
1449 , 1, 4087822
1450 , 1, 4109534
1451 , 1, 4190000
1452 , 1, 4205233
1453 , 0, 7658207
1454 , 1, 4305864
1455 , 1, 4377365
1456 , 1, 4373464
1457 , 1, 4462404
1458 , 1, 4535513
1459 , 1, 4508726
1460 , 1, 4605443
1461 , 1, 4635549
1462 , 1, 4819561
1463 , 1, 4753559
1464 , 1, 4671827
1465 , 1, 4607150
1466 , 1, 4687858
1467 , 1, 4641997
1468 , 1, 4673739
1469 , 1, 4655665
1470 , 1, 4677073
1471 , 1, 4727778
1472 , 1, 4730538
1473 , 1, 4705492
1474 , 0, 7493647
1475 , 1, 4757530
1476 , 1, 4840205
1477 , 1, 4810376
1478 , 1, 4828306
1479 , 1, 4796559
1480 , 1, 4767412
1481 , 1, 4733704
1482 , 0, 7453599
1483 , 1, 4698440
1484 , 0, 7411937
1485 , 1, 4664645
1486 , 1, 4681997
1487 , 1, 4625335
1488 , 1, 4587861
1489 , 1, 4533762
1490 , 1, 4521186
1491 , 1, 4417761
1492 , 1, 4369305
1493 , 1, 4372120
1494 , 1, 4356236
1495 , 1, 4301734
1496 , 1, 4271082
1497 , 1, 4249271
1498 , 1, 4202683
1499 , 1, 4178820
1500 , 1, 4161502
1501 , 1, 4114939
1502 , 1, 4129168
1503 , 1, 4120196
1504 , 1, 4128030
1505 , 1, 4106688
1506 , 1, 4045987
1507 , 1, 4078432
1508 , 0, 7131487
1509 , 1, 3973193
1510 , 1, 3924001
1511 , 1, 3898070
1512 , 1, 3873965
1513 , 1, 3796688
1514 , 1, 3717249
1515 , 1, 3650233
1516 , 1, 3592708
1517 , 1, 3537639
1518 , 1, 3461189
1519 , 1, 3425629
1520 , 1, 3424422
1521 , 1, 3337698
1522 , 1, 3265593
1523 , 1, 3225588
1524 , 1, 3140544
1525 , 1, 3024588
1526 , 1, 3140033
1527 , 1, 2910269
1528 , 1, 3013710
1529 , 1, 2796333
1530 , 1, 2633890
1531 , 1, 2495028
1532 , 0, 7047269
1533 , 1, 2225781
1534 , 1, 2060711
1535 , 0, 5515970
1536 , 1, 2349115
1537 , 1, 2402287
1538 , 1, 2503430
1539 , 1, 2532110
1540 , 1, 2516505
1541 , 1, 2545180
1542 , 1, 2626889
1543 , 1, 2641157
1544 , 1, 2636904
1545 , 1, 2673293
1546 , 1, 2689053
1547 , 0, 5648554
1548 , 0, 5642519
1549 , 1, 2733316
1550 , 1, 2728595
1551 , 1, 2767244
1552 , 0, 5672526
1553 , 0, 5690070
1554 , 0, 5702777
1555 , 0, 5694842
1556 , 0, 5689260
1557 , 0, 5702857
1558 , 1, 2792116
1559 , 1, 2784061
1560 , 1, 2770450
1561 , 1, 2755594
1562 , 1, 2743714
1563 , 1, 2711147
1564 , 1, 2678352
1565 , 1, 2679515
1566 , 1, 2671999
1567 , 1, 2667542
1568 , 1, 2599737
1569 , 1, 2566398
1570 , 1, 2505881
1571 , 1, 2430099
1572 , 1, 2346230
1573 , 1, 2354391
1574 , 1, 2295947
1575 , 1, 2309348
1576 , 1, 2258472
1577 , 1, 2232240
1578 , 1, 2221708
1579 , 1, 2186040
1580 , 1, 2158435
1581 , 0, 5779394
1582 , 1, 2130919
1583 , 1, 2129943
1584 , 1, 2119864
1585 , 1, 2111133
1586 , 1, 2100368
1587 , 1, 2066682
1588 , 1, 2042764
1589 , 1, 2068269
1590 , 1, 2026067
1591 , 1, 2053185
1592 , 1, 2110949
1593 , 1, 2138500
1594 , 1, 2099643
1595 , 1, 2115423
1596 , 1, 2102219
1597 , 1, 2072663
1598 , 1, 2038587
1599 , 1, 2031785
1600 , 1, 1950786
1601 , 1, 1900325
1602 , 1, 1847352
1603 , 1, 1878596
1604 , 1, 1816545
1605 , 0, 5788347
1606 , 1, 1734041
1607 , 1, 1730759
1608 , 1, 1662708
1609 , 1, 1612992
1610 , 1, 1560112
1611 , 1, 1465463
1612 , 1, 1430337
1613 , 1, 1410808
1614 , 1, 1408494
1615 , 1, 1314214
1616 , 1, 1278658
1617 , 1, 1244206
1618 , 1, 1198185
1619 , 1, 1163706
1620 , 1, 1132505
1621 , 1, 1083484
1622 , 1, 1046748
1623 , 1, 1028621
1624 , 1, 1048745
1625 , 1, 1111812
1626 , 1, 1145425
1627 , 1, 1065666
1628 , 1, 1112400
1629 , 0, 5815427
1630 , 1, 1177308
1631 , 1, 1202159
1632 , 1, 1074804
1633 , 1, 1027350
1634 , 1, 1021038
1635 , 1, 1004669
1636 , 1, 983546
1637 , 1, 978392
1638 , 1, 976525
1639 , 1, 972297
1640 , 1, 964980
1641 , 1, 959390
1642 , 1, 952892
1643 , 1, 938769
1644 , 1, 934351
1645 , 1, 938513
1646 , 1, 938210
1647 , 1, 936077
1648 , 1, 922706
1649 , 1, 922385
1650 , 1, 927058
1651 , 1, 926947
1652 , 1, 919948
1653 , 0, 5812585
1654 , 1, 924946
1655 , 1, 921447
1656 , 1, 925978
1657 , 1, 924334
1658 , 1, 927093
1659 , 1, 924360
1660 , 1, 931386
1661 , 1, 930835
1662 , 1, 933443
1663 , 1, 937270
1664 , 1, 935405
1665 , 1, 938490
1666 , 1, 942166
1667 , 1, 936701
1668 , 1, 957135
1669 , 1, 964946
1670 , 1, 984518
1671 , 1, 1029977
1672 , 1, 1050666
1673 , 1, 1190526
1674 , 1, 1254875
1675 , 1, 1301165
1676 , 1, 1312144
1677 , 0, 5809141
1678 , 1, 1301949
1679 , 1, 1298876
1680 , 1, 1288032
1681 , 1, 1261217
1682 , 1, 1220098
1683 , 1, 1169602
1684 , 1, 1137430
1685 , 1, 1138925
1686 , 1, 1124426
1687 , 1, 1133326
1688 , 1, 1121284
1689 , 1, 1119723
1690 , 1, 1161223
1691 , 1, 1208322
1692 , 1, 1238710
1693 , 1, 1247909
1694 , 1, 1237580
1695 , 1, 1246377
1696 , 1, 1251376
1697 , 1, 1265289
1698 , 1, 1331511
1699 , 1, 1352084
1700 , 1, 1358505
1701 , 0, 5801863
1702 , 1, 1333791
1703 , 1, 1310118
1704 , 1, 1312607
1705 , 1, 1304940
1706 , 1, 1296459
1707 , 1, 1277559
1708 , 1, 1244548
1709 , 1, 1204352
1710 , 1, 1154383
1711 , 1, 1092601
1712 , 1, 1123739
1713 , 1, 1209680
1714 , 1, 1257327
1715 , 1, 1268866
1716 , 1, 1279939
1717 , 1, 1306868
1718 , 1, 1310864
1719 , 1, 1314545
1720 , 1, 1318495
1721 , 1, 1305527
1722 , 1, 1272570
1723 , 1, 1225049
1724 , 1, 1153120
1725 , 0, 5846946
1726 , 1, 1052606
1727 , 1, 1017756
1728 , 1, 996582
1729 , 1, 977682
