1 , 1, 1004307
2 , 1, 1023608
3 , 1, 1026993
4 , 1, 1027101
5 , 1, 1025681
6 , 1, 1035898
7 , 1, 1039063
8 , 1, 1048591
9 , 1, 1071665
10 , 1, 1073430
11 , 1, 1052780
12 , 1, 1051394
13 , 1, 1040163
14 , 1, 1029457
15 , 1, 1015695
16 , 1, 1005572
17 , 1, 997596
18 , 1, 1001337
19 , 1, 998443
20 , 1, 993276
21 , 1, 996625
22 , 1, 994630
23 , 1, 993839
24 , 0, 4277419
25 , 1, 987251
26 , 1, 984109
27 , 1, 993520
28 , 1, 986886
29 , 1, 985192
30 , 1, 988868
31 , 1, 1051839
32 , 1, 1064790
33 , 1, 1051077
34 , 1, 1029437
35 , 1, 1057098
36 , 1, 1071819
37 , 1, 1084101
38 , 1, 1083159
39 , 1, 1053982
40 , 1, 1057731
41 , 1, 1062737
42 , 1, 1055462
43 , 1, 1020411
44 , 1, 1005844
45 , 1, 1037630
46 , 1, 1073633
47 , 1, 1085419
48 , 0, 4271534
49 , 1, 1092745
50 , 1, 1076972
51 , 1, 1046447
52 , 1, 1015260
53 , 1, 1011788
54 , 1, 1006685
55 , 1, 1001066
56 , 1, 995220
57 , 1, 994078
58 , 1, 988543
59 , 1, 990940
60 , 1, 999039
61 , 1, 999392
62 , 1, 1009674
63 , 1, 1006537
64 , 1, 997832
65 , 1, 989609
66 , 1, 996262
67 , 1, 990847
68 , 1, 985429
69 , 1, 981696
70 , 1, 982442
71 , 1, 981002
72 , 0, 4262380
73 , 1, 972303
74 , 1, 961504
75 , 1, 944481
76 , 1, 951098
77 , 1, 952500
78 , 1, 958870
79 , 1, 960082
80 , 1, 959277
81 , 1, 958052
82 , 1, 953862
83 , 1, 951766
84 , 1, 971829
85 , 1, 975125
86 , 1, 960025
87 , 1, 969747
88 , 1, 972268
89 , 1, 979681
90 , 1, 978745
91 , 1, 988813
92 , 1, 1029234
93 , 1, 1056496
94 , 1, 1071724
95 , 1, 1085115
96 , 0, 4283412
97 , 1, 1046324
98 , 1, 1023782
99 , 1, 1043572
100 , 1, 1046396
101 , 1, 1042299
102 , 1, 1042124
103 , 1, 1059729
104 , 1, 1070079
105 , 1, 1081164
106 , 1, 1132539
107 , 1, 1175924
108 , 1, 1181062
109 , 1, 1222133
110 , 1, 1193402
111 , 1, 1188737
112 , 1, 1175863
113 , 1, 1166598
114 , 1, 1155241
115 , 1, 1140276
116 , 1, 1131674
117 , 1, 1052225
118 , 1, 988229
119 , 1, 966168
120 , 0, 4243211
121 , 1, 951041
122 , 1, 947097
123 , 1, 941849
124 , 1, 940189
125 , 1, 942557
126 , 1, 945673
127 , 1, 946178
128 , 1, 944109
129 , 1, 938585
130 , 1, 939763
131 , 1, 939112
132 , 1, 938179
133 , 1, 938796
134 , 1, 939926
135 , 1, 935900
136 , 1, 938448
137 , 1, 942326
138 , 1, 942388
139 , 1, 936163
140 , 1, 934548
141 , 1, 931210
142 , 1, 933347
143 , 1, 936642
144 , 0, 4245192
145 , 1, 940959
146 , 1, 940719
147 , 1, 940853
148 , 1, 935385
149 , 1, 934725
150 , 1, 929360
151 , 1, 927215
152 , 1, 937505
153 , 1, 939482
154 , 1, 940801
155 , 1, 937772
156 , 1, 939823
157 , 1, 942538
158 , 1, 936158
159 , 1, 934272
160 , 1, 929997
161 , 1, 931071
162 , 1, 934371
163 , 1, 935684
164 , 1, 932878
165 , 1, 930309
166 , 1, 932615
167 , 1, 931959
168 , 0, 4243733
169 , 0, 4746066
170 , 1, 1473942
171 , 1, 1375381
172 , 1, 1384483
173 , 1, 1367071
174 , 1, 1383877
175 , 1, 1372515
176 , 1, 1553153
177 , 1, 1289295
178 , 1, 1480636
179 , 1, 1290175
180 , 1, 1460621
181 , 1, 1288820
182 , 1, 1463066
183 , 1, 1287238
184 , 1, 1463330
185 , 1, 1356431
186 , 1, 1332187
187 , 1, 1455576
188 , 1, 1311512
189 , 1, 1357154
190 , 1, 1374966
191 , 1, 1497602
192 , 1, 1314359
193 , 0, 4742336
194 , 1, 1362594
195 , 1, 1364590
196 , 1, 1375478
197 , 1, 1376477
198 , 1, 1392882
199 , 1, 1394762
200 , 1, 1385352
201 , 1, 1391170
202 , 1, 1404026
203 , 1, 1395715
204 , 1, 1548091
205 , 1, 1312250
206 , 1, 1389761
207 , 1, 1364165
208 , 1, 1373400
209 , 1, 1382715
210 , 1, 1399143
211 , 1, 1388726
212 , 1, 1385872
213 , 1, 1403036
214 , 1, 1400722
215 , 1, 1405430
216 , 1, 1411002
217 , 0, 4729104
218 , 1, 1411760
219 , 1, 1407874
220 , 1, 1393997
221 , 1, 1407541
222 , 1, 1403061
223 , 1, 1400520
224 , 1, 1404398
225 , 1, 1537411
226 , 1, 1332614
227 , 1, 1373083
228 , 1, 1351698
229 , 1, 1357297
230 , 1, 1375474
231 , 1, 1494604
232 , 1, 1307360
233 , 1, 1346320
234 , 1, 1325114
235 , 1, 1461446
236 , 1, 1353478
237 , 1, 1294571
238 , 1, 1336241
239 , 1, 1321619
240 , 1, 1438584
241 , 0, 4653267
242 , 1, 1404259
243 , 1, 1281473
244 , 1, 1606806
245 , 1, 1311173
246 , 1, 1334758
247 , 1, 1278310
248 , 1, 1374128
249 , 1, 1274455
250 , 1, 1309117
251 , 1, 1302322
252 , 1, 1326290
253 , 1, 1315155
254 , 1, 1338373
255 , 1, 1327986
256 , 1, 1345129
257 , 1, 1328403
258 , 1, 1355020
259 , 1, 1335012
260 , 1, 1341138
261 , 1, 1331147
262 , 1, 1348528
263 , 1, 1327098
264 , 1, 1336560
265 , 0, 4635766
266 , 1, 1334185
267 , 1, 1340056
268 , 1, 1338943
269 , 1, 1323067
270 , 1, 1339249
271 , 1, 1321670
272 , 1, 1346283
273 , 1, 1328884
274 , 1, 1338670
275 , 1, 1342598
276 , 1, 1335001
277 , 1, 1328974
278 , 1, 1344559
279 , 1, 1330745
280 , 1, 1337168
281 , 1, 1341007
282 , 1, 1347333
283 , 1, 1329342
284 , 1, 1341764
285 , 1, 1327291
286 , 1, 1355531
287 , 1, 1336381
288 , 1, 1340969
289 , 0, 4638570
290 , 1, 1341353
291 , 1, 1328827
292 , 1, 1341499
293 , 1, 1324850
294 , 1, 1343240
295 , 1, 1337006
296 , 1, 1348817
297 , 1, 1332087
298 , 1, 1346747
299 , 1, 1343085
300 , 1, 1345330
301 , 1, 1343272
302 , 1, 1335563
303 , 1, 1335667
304 , 1, 1339312
305 , 1, 1334511
306 , 1, 1333406
307 , 1, 1336494
308 , 1, 1346073
309 , 1, 1344469
310 , 1, 1348326
311 , 1, 1351173
312 , 1, 1342715
313 , 0, 4651629
314 , 1, 1357347
315 , 1, 1343647
316 , 1, 1361849
317 , 1, 1350210
318 , 1, 1352827
319 , 1, 1363708
320 , 1, 1353869
321 , 1, 1365344
322 , 1, 1364570
323 , 1, 1369526
324 , 1, 1376624
325 , 1, 1370085
326 , 1, 1388385
327 , 1, 1362631
328 , 1, 1372654
329 , 1, 1368476
330 , 1, 1368949
331 , 1, 1374887
332 , 1, 1381093
333 , 1, 1357839
334 , 1, 1375994
335 , 1, 1382293
336 , 1, 1368332
337 , 0, 4705419
338 , 1, 1380668
339 , 1, 1363790
340 , 1, 1380616
341 , 1, 1375801
342 , 1, 1362415
343 , 1, 1373946
344 , 1, 1367432
345 , 1, 1367918
346 , 1, 1391891
347 , 1, 1373529
348 , 1, 1361041
349 , 1, 1384547
350 , 1, 1363206
351 , 1, 1374426
352 , 1, 1295763
353 , 1, 1447935
354 , 1, 1352092
355 , 1, 1292848
356 , 1, 1447043
357 , 1, 1344826
358 , 1, 1366306
359 , 1, 1281331
360 , 1, 1451270
361 , 0, 4698408
362 , 1, 1280106
363 , 1, 1438028
364 , 1, 1331918
365 , 1, 1367263
366 , 1, 1359342
367 , 1, 1378539
368 , 1, 1365244
369 , 1, 1298893
370 , 1, 1422888
371 , 1, 1336909
372 , 1, 1337371
373 , 1, 1266865
374 , 1, 1378787
375 , 1, 1306278
376 , 1, 1243923
377 , 1, 1373041
378 , 1, 1281124
379 , 1, 1283149
380 , 1, 1255631
381 , 1, 1275819
382 , 1, 1261316
383 , 1, 1261902
384 , 1, 1243386
385 , 0, 4512291
386 , 1, 1233116
387 , 1, 1245066
388 , 1, 1233694
389 , 1, 1220490
390 , 1, 1216671
391 , 1, 1224427
392 , 1, 1197276
393 , 1, 1215638
394 , 1, 1187391
395 , 1, 1203059
396 , 1, 1167972
397 , 1, 1190852
398 , 1, 1173436
399 , 1, 1177001
400 , 1, 1165883
401 , 1, 1172136
402 , 1, 1167687
403 , 1, 1167653
404 , 1, 1157287
405 , 1, 1158417
406 , 1, 1154024
407 , 1, 1160166
408 , 1, 1158687
409 , 0, 4352172
410 , 1, 1144859
411 , 1, 1144813
412 , 1, 1145267
413 , 1, 1152160
414 , 1, 1154556
415 , 1, 1146845
416 , 1, 1156610
417 , 1, 1161507
418 , 1, 1159785
419 , 1, 1160461
420 , 1, 1165847
421 , 1, 1165107
422 , 1, 1169494
423 , 1, 1172762
424 , 1, 1182191
425 , 1, 1198627
426 , 1, 1174348
427 , 1, 1167258
428 , 1, 1168362
429 , 1, 1169892
430 , 1, 1164708
431 , 1, 1167224
432 , 1, 1162602
433 , 0, 4384756
434 , 1, 1160257
435 , 1, 1159244
436 , 1, 1164857
437 , 1, 1160547
438 , 1, 1159060
439 , 1, 1166461
440 , 1, 1158337
441 , 1, 1169281
442 , 1, 1159326
443 , 1, 1153400
444 , 1, 1159712
445 , 1, 1154952
446 , 1, 1158535
447 , 1, 1164061
448 , 1, 1163661
449 , 1, 1167593
450 , 1, 1159721
451 , 1, 1162195
452 , 1, 1163875
453 , 1, 1163741
454 , 1, 1163602
455 , 1, 1156278
456 , 1, 1159464
457 , 0, 4373172
458 , 1, 1155024
459 , 1, 1167450
460 , 1, 1161975
461 , 1, 1152220
462 , 1, 1162552
463 , 1, 1157983
464 , 1, 1154793
465 , 1, 1156685
466 , 1, 1163425
467 , 1, 1153409
468 , 1, 1156331
469 , 1, 1156597
470 , 1, 1159113
471 , 1, 1165238
472 , 1, 1157724
473 , 1, 1152241
474 , 1, 1155578
475 , 1, 1153099
476 , 1, 1213182
477 , 1, 1152282
478 , 1, 1132069
479 , 1, 1144823
480 , 1, 1149588
481 , 0, 4359457
482 , 1, 1155222
483 , 1, 1155722
484 , 1, 1154128
485 , 1, 1160140
486 , 1, 1157163
487 , 1, 1205400
488 , 1, 1153438
489 , 1, 1126490
490 , 1, 1137622
491 , 1, 1140373
492 , 1, 1139984
493 , 1, 1142602
494 , 1, 1307887
495 , 1, 1174459
496 , 1, 1139674
497 , 1, 1148248
498 , 1, 1132038
499 , 1, 1123701
500 , 1, 1120088
501 , 1, 1135588
502 , 1, 1124035
503 , 1, 1144156
504 , 1, 1131764
505 , 0, 4341342
506 , 1, 1137641
507 , 1, 1138126
508 , 1, 1142690
509 , 1, 1140190
510 , 1, 1134548
511 , 1, 1140238
512 , 1, 1138128
513 , 1, 1140659
514 , 1, 1135547
515 , 1, 1141715
516 , 1, 1140420
517 , 1, 1135936
518 , 1, 1128453
519 , 1, 1128642
520 , 1, 1143724
521 , 1, 1133773
522 , 1, 1126093
523 , 1, 1132275
524 , 1, 1188224
525 , 1, 1128605
526 , 1, 1115734
527 , 1, 1122668
528 , 1, 1122729
529 , 0, 4333448
530 , 1, 1118553
531 , 1, 1130575
532 , 1, 1127776
533 , 1, 1121845
534 , 1, 1177206
535 , 1, 1122868
536 , 1, 1110123
537 , 1, 1115985
538 , 1, 1112525
539 , 1, 1163723
540 , 1, 1119630
541 , 1, 1104127
542 , 1, 1109818
543 , 1, 1116077
544 , 1, 1121429
545 , 1, 1115704
546 , 1, 1169736
547 , 1, 1111680
548 , 1, 1103408
549 , 1, 1109110
550 , 1, 1108307
551 , 1, 1119088
552 , 1, 1119680
553 , 0, 4326831
554 , 1, 1122930
555 , 1, 1177289
556 , 1, 1110245
557 , 1, 1100637
558 , 1, 1107571
559 , 1, 1108863
560 , 1, 1104347
561 , 1, 1111853
562 , 1, 1166540
563 , 1, 1099193
564 , 1, 1089493
565 , 1, 1101277
566 , 1, 1146222
567 , 1, 1095339
568 , 1, 1083432
569 , 1, 1088737
570 , 1, 1094286
571 , 1, 1094590
572 , 1, 1099623
573 , 1, 1160887
574 , 1, 1090794
575 , 1, 1081087
576 , 1, 1131825
577 , 0, 4318027
578 , 1, 1085139
579 , 1, 1085700
580 , 1, 1090007
581 , 1, 1095180
582 , 1, 1090677
583 , 1, 1152681
584 , 1, 1086947
585 , 1, 1079876
586 , 1, 1083383
587 , 1, 1132255
588 , 1, 1079526
589 , 1, 1080193
590 , 1, 1076787
591 , 1, 1086113
592 , 1, 1081107
593 , 1, 1140206
594 , 1, 1070406
595 , 1, 1079200
596 , 1, 1070522
597 , 1, 1077867
598 , 1, 1080218
599 , 1, 1136076
600 , 1, 1067854
601 , 0, 4311517
602 , 1, 1121561
603 , 1, 1060451
604 , 1, 1104466
605 , 1, 1053937
606 , 1, 1076074
607 , 1, 1115575
608 , 1, 1060633
609 , 1, 1105800
610 , 1, 1053765
611 , 1, 1094054
612 , 1, 1053395
613 , 1, 1103001
614 , 1, 1055083
615 , 1, 1102355
616 , 1, 1054995
617 , 1, 1064369
618 , 1, 1113973
619 , 1, 1043081
620 , 1, 1096763
621 , 1, 1041659
622 , 1, 1103931
623 , 1, 1040922
624 , 1, 1098009
625 , 0, 4313070
626 , 1, 1091017
627 , 1, 1033986
628 , 1, 1091970
629 , 1, 1030379
630 , 1, 1091673
631 , 1, 1025088
632 , 1, 1045264
633 , 1, 1099053
634 , 1, 1024792
635 , 1, 1082345
636 , 1, 1025424
637 , 1, 1084929
638 , 1, 1017369
639 , 1, 1041791
640 , 1, 1086008
641 , 1, 1015082
642 , 1, 1041350
643 , 1, 1090938
644 , 1, 1010696
645 , 1, 1075861
646 , 1, 1006565
647 , 1, 1035008
648 , 1, 1084174
649 , 0, 4315239
650 , 1, 1029088
651 , 1, 1073432
652 , 1, 991893
653 , 1, 1028574
654 , 1, 1079019
655 , 1, 989952
656 , 1, 1026508
657 , 1, 1011428
658 , 1, 1080633
659 , 1, 982407
660 , 1, 1023808
661 , 1, 1004158
662 , 1, 1077705
663 , 1, 982133
664 , 1, 1040001
665 , 1, 1018848
666 , 1, 1029071
667 , 1, 1037180
668 , 1, 1043764
669 , 1, 1050765
670 , 1, 1051600
671 , 1, 1068547
672 , 1, 1076837
673 , 0, 4312362
674 , 1, 1156431
675 , 1, 1086367
676 , 1, 1094988
677 , 1, 1095625
678 , 1, 1105912
679 , 1, 1154949
680 , 1, 1109332
681 , 1, 1096029
682 , 1, 1112300
683 , 1, 1139338
684 , 1, 1107557
685 , 1, 1110735
686 , 1, 1110268
687 , 1, 1150040
688 , 1, 1110451
689 , 1, 1111429
690 , 1, 1150526
691 , 1, 1110533
692 , 1, 1098063
693 , 1, 1101360
694 , 1, 1143131
695 , 1, 1107219
696 , 1, 1108596
697 , 0, 4320063
698 , 1, 1153179
699 , 1, 1116553
700 , 1, 1105485
701 , 1, 1115027
702 , 1, 1143055
703 , 1, 1116382
704 , 1, 1094811
705 , 1, 1129309
706 , 1, 1101395
707 , 1, 1101468
708 , 1, 1098460
709 , 1, 1146723
710 , 1, 1104899
711 , 1, 1099377
712 , 1, 1101237
713 , 1, 1109739
714 , 1, 1150901
715 , 1, 1111461
716 , 1, 1101154
717 , 1, 1112130
718 , 1, 1130598
719 , 1, 1104510
720 , 1, 1093750
721 , 0, 4316065
722 , 1, 1100602
723 , 1, 1137954
724 , 1, 1098758
725 , 1, 1100567
726 , 1, 1096437
727 , 1, 1099350
728 , 1, 1109772
729 , 1, 1117509
730 , 1, 1143689
731 , 1, 1134531
732 , 1, 1135869
733 , 1, 1143534
734 , 1, 1147458
735 , 1, 1137757
736 , 1, 1136794
737 , 1, 1171183
738 , 1, 1094215
739 , 1, 1099533
740 , 1, 1078211
741 , 1, 1007604
742 , 1, 1080761
743 , 1, 1001506
744 , 1, 1208846
745 , 0, 4317033
746 , 1, 1039001
747 , 1, 996619
748 , 1, 964902
749 , 1, 1038822
750 , 1, 948872
751 , 1, 1010565
752 , 1, 946402
753 , 1, 993783
754 , 1, 950380
755 , 1, 998914
756 , 1, 1031352
757 , 1, 1042152
758 , 1, 1060588
759 , 1, 1059190
760 , 1, 1057712
761 , 0, 4427239
762 , 1, 1323553
763 , 1, 973982
764 , 1, 998714
765 , 1, 1059191
766 , 1, 1110826
767 , 1, 1125927
768 , 1, 1148454
769 , 1, 1181862
770 , 1, 1194561
771 , 1, 1223948
772 , 1, 1235275
773 , 1, 1260408
774 , 1, 1284268
775 , 1, 1298302
776 , 1, 1313301
777 , 1, 1320565
778 , 1, 1322835
779 , 1, 1328950
780 , 1, 1322206
781 , 1, 1338602
782 , 1, 1338092
783 , 1, 1341651
784 , 1, 1337493
785 , 0, 4440860
786 , 1, 1338651
787 , 1, 1335212
788 , 1, 1330177
789 , 1, 1335680
790 , 1, 1333113
791 , 1, 1317805
792 , 1, 1321962
793 , 1, 1324575
794 , 1, 1318419
795 , 1, 1327488
796 , 1, 1333585
797 , 1, 1335813
798 , 1, 1345324
799 , 1, 1336976
800 , 1, 1330438
801 , 1, 1340540
802 , 1, 1324400
803 , 1, 1321052
804 , 1, 1313566
805 , 1, 1303168
806 , 1, 1315034
807 , 1, 1304220
808 , 1, 1297712
809 , 0, 4400443
810 , 1, 1280359
811 , 1, 1277828
812 , 1, 1282719
813 , 1, 1273121
814 , 1, 1276603
815 , 1, 1269700
816 , 1, 1260954
817 , 1, 1269996
818 , 1, 1263524
819 , 1, 1259407
820 , 1, 1260034
821 , 1, 1251088
822 , 1, 1253440
823 , 1, 1287560
824 , 1, 1234141
825 , 1, 1214872
826 , 1, 1221109
827 , 1, 1210306
828 , 1, 1216288
829 , 1, 1194736
830 , 1, 1246586
831 , 1, 1152917
832 , 1, 1157462
833 , 0, 4407099
834 , 1, 1127321
835 , 1, 1223938
836 , 1, 1046855
837 , 1, 1109752
838 , 1, 1173634
839 , 1, 993869
840 , 1, 1051777
841 , 1, 1138642
842 , 1, 953265
843 , 1, 992567
844 , 1, 977672
845 , 1, 1099750
846 , 1, 942574
847 , 1, 1017342
848 , 1, 986974
849 , 1, 972079
850 , 1, 966774
851 , 1, 969794
852 , 1, 946023
853 , 1, 949980
854 , 1, 995367
855 , 1, 979654
856 , 1, 983241
857 , 0, 4460444
858 , 1, 989613
859 , 1, 967485
860 , 1, 991028
861 , 1, 986231
862 , 1, 1003610
863 , 1, 1007744
864 , 1, 1009038
865 , 1, 1010980
866 , 1, 1017326
867 , 1, 1013258
868 , 1, 1012070
869 , 1, 1113960
870 , 1, 955273
871 , 1, 965635
872 , 1, 1069042
873 , 1, 941503
874 , 1, 959052
875 , 1, 1001295
876 , 1, 994864
877 , 1, 1097543
878 , 1, 947663
879 , 1, 969668
880 , 1, 982390
881 , 0, 4470912
882 , 1, 1016395
883 , 1, 961323
884 , 1, 996288
885 , 1, 1026461
886 , 1, 1021184
887 , 1, 1029911
888 , 1, 1036896
889 , 1, 1039937
890 , 1, 1052291
891 , 1, 1048325
892 , 1, 1044745
893 , 1, 1041828
894 , 1, 1040825
895 , 1, 1178457
896 , 1, 960843
897 , 1, 990347
898 , 1, 1001786
899 , 1, 1001750
900 , 1, 1128921
901 , 1, 1025355
902 , 1, 1011997
903 , 1, 954455
904 , 1, 1086919
905 , 0, 4481614
906 , 1, 959033
907 , 1, 1028303
908 , 1, 1118341
909 , 1, 965647
910 , 1, 1009402
911 , 1, 1029335
912 , 1, 1134094
913 , 1, 993963
914 , 1, 1039118
915 , 1, 1043207
916 , 1, 1045654
917 , 1, 1060062
918 , 1, 1056125
919 , 1, 1063191
920 , 1, 1071795
921 , 1, 1069900
922 , 1, 1086347
923 , 1, 1074203
924 , 1, 1074406
925 , 1, 1084085
926 , 1, 1079761
927 , 1, 1083267
928 , 1, 1233187
929 , 0, 4448872
930 , 1, 1067976
931 , 1, 1075650
932 , 1, 1083626
933 , 1, 1102118
934 , 1, 1093063
935 , 1, 1092078
936 , 1, 1102179
937 , 1, 1106458
938 , 1, 1105018
939 , 1, 1110506
940 , 1, 1108699
941 , 1, 1094713
942 , 1, 1246927
943 , 1, 1040391
944 , 1, 1070804
945 , 1, 1095491
946 , 1, 1094109
947 , 1, 1088588
948 , 1, 1215792
949 , 1, 1043001
950 , 1, 1059870
951 , 1, 1070449
952 , 1, 1171455
953 , 0, 4439662
954 , 1, 1061200
955 , 1, 1135219
956 , 1, 1038139
957 , 1, 1044871
958 , 1, 1039371
959 , 1, 1106274
960 , 1, 1033287
961 , 1, 1081017
962 , 0, 4178063
963 , 1, 921668
964 , 1, 922100
965 , 1, 922190
966 , 1, 922478
967 , 1, 924277
968 , 1, 916858
969 , 1, 914381
970 , 1, 915271
971 , 1, 921357
972 , 1, 921454
973 , 1, 923306
974 , 1, 922849
975 , 1, 917461
976 , 1, 927046
977 , 1, 929858
978 , 1, 932486
979 , 1, 935755
980 , 1, 932680
981 , 1, 938133
982 , 1, 942057
983 , 1, 945443
984 , 1, 948598
985 , 1, 952577
986 , 0, 4190972
987 , 1, 953360
988 , 1, 952855
989 , 1, 949022
990 , 1, 954744
991 , 1, 962947
992 , 1, 957376
993 , 1, 964294
994 , 1, 966673
995 , 1, 962736
996 , 1, 969676
997 , 1, 972115
998 , 1, 971787
999 , 1, 972556
1000 , 1, 972673
1001 , 1, 976416
1002 , 1, 989395
1003 , 1, 991285
1004 , 1, 1007499
1005 , 1, 1009210
1006 , 1, 1007018
1007 , 1, 1009566
1008 , 1, 1007998
1009 , 1, 1003237
1010 , 0, 4206920
1011 , 1, 1002450
1012 , 1, 1006230
1013 , 1, 1009702
1014 , 1, 1012782
1015 , 1, 1013425
1016 , 1, 1007950
1017 , 1, 1005189
1018 , 1, 1000181
1019 , 1, 998631
1020 , 1, 1001598
1021 , 1, 997980
1022 , 1, 996339
1023 , 1, 996055
1024 , 1, 990856
1025 , 1, 986704
1026 , 1, 978508
1027 , 1, 973007
1028 , 1, 979501
1029 , 1, 973875
1030 , 1, 972420
1031 , 1, 961857
1032 , 1, 959796
1033 , 1, 960421
1034 , 0, 4206358
1035 , 1, 955871
1036 , 1, 952599
1037 , 1, 950292
1038 , 1, 943047
1039 , 1, 944746
1040 , 1, 941304
1041 , 1, 941713
1042 , 1, 938007
1043 , 1, 936498
1044 , 1, 935587
1045 , 1, 932889
1046 , 1, 933720
1047 , 1, 932790
1048 , 1, 933840
1049 , 1, 932592
1050 , 1, 935584
1051 , 1, 929900
1052 , 1, 933220
1053 , 1, 935995
1054 , 1, 936047
1055 , 1, 937839
1056 , 1, 938977
1057 , 1, 936567
1058 , 0, 4206823
1059 , 1, 937863
1060 , 1, 938992
1061 , 1, 936934
1062 , 1, 935592
1063 , 1, 941087
1064 , 1, 942525
1065 , 1, 942353
1066 , 1, 946261
1067 , 1, 941593
1068 , 1, 942720
1069 , 1, 938211
1070 , 1, 939460
1071 , 1, 940063
1072 , 0, 4224363
1073 , 1, 1042322
1074 , 1, 996754
1075 , 1, 992813
1076 , 1, 1002823
1077 , 1, 1001573
1078 , 1, 1005115
1079 , 1, 1007570
1080 , 1, 996181
1081 , 1, 987947
1082 , 1, 995860
1083 , 1, 991283
1084 , 1, 985134
1085 , 1, 982157
1086 , 1, 973348
1087 , 1, 970640
1088 , 1, 973628
1089 , 1, 977049
1090 , 1, 976783
1091 , 1, 978128
1092 , 1, 962972
1093 , 1, 961587
1094 , 1, 969601
1095 , 1, 974674
1096 , 0, 4237808
1097 , 1, 976399
1098 , 1, 971721
1099 , 1, 969456
1100 , 1, 988638
1101 , 1, 991861
1102 , 1, 979109
1103 , 1, 977180
1104 , 1, 995422
1105 , 1, 993531
1106 , 1, 971070
1107 , 1, 969473
1108 , 1, 990526
1109 , 1, 990396
1110 , 1, 980362
1111 , 1, 966539
1112 , 1, 957564
1113 , 1, 954830
1114 , 1, 953433
1115 , 1, 948720
1116 , 1, 977493
1117 , 1, 987180
1118 , 1, 997037
1119 , 1, 1010012
1120 , 0, 4236492
1121 , 1, 1011702
1122 , 1, 1020095
1123 , 1, 1031657
1124 , 1, 1029205
1125 , 1, 1028676
1126 , 1, 1025388
1127 , 1, 1035820
1128 , 1, 1037093
1129 , 1, 1042861
1130 , 1, 1040583
1131 , 1, 1049507
1132 , 1, 1036692
1133 , 1, 1030127
1134 , 1, 1012090
1135 , 1, 1000695
1136 , 1, 1002339
1137 , 1, 999391
1138 , 1, 994717
1139 , 1, 989531
1140 , 1, 983094
1141 , 1, 980783
1142 , 1, 969312
1143 , 1, 965599
1144 , 0, 4244725
1145 , 1, 957395
1146 , 1, 954105
1147 , 0, 4494556
1148 , 1, 1190226
1149 , 1, 1001882
1150 , 1, 980976
1151 , 1, 960576
1152 , 1, 954106
1153 , 1, 967050
1154 , 1, 974951
1155 , 1, 980552
1156 , 1, 984836
1157 , 1, 986523
1158 , 1, 976903
1159 , 1, 963600
1160 , 1, 962329
1161 , 1, 963000
1162 , 1, 968470
1163 , 1, 969939
1164 , 1, 969742
1165 , 1, 984405
1166 , 1, 1001607
1167 , 1, 1015292
1168 , 1, 1001349
1169 , 1, 1008743
1170 , 1, 1011644
1171 , 0, 4528584
1172 , 1, 1004201
1173 , 1, 1000662
1174 , 1, 1019407
1175 , 1, 1031162
1176 , 1, 1032768
1177 , 1, 1026918
1178 , 1, 1014679
1179 , 1, 1035233
1180 , 1, 1045031
1181 , 1, 1032586
1182 , 1, 1053683
1183 , 1, 1032296
1184 , 1, 1021253
1185 , 1, 1011252
1186 , 1, 1020119
1187 , 1, 1025202
1188 , 1, 1034904
1189 , 1, 1027859
1190 , 1, 1047948
1191 , 1, 1029055
1192 , 1, 1039834
1193 , 1, 1030193
1194 , 1, 1058723
1195 , 0, 4498855
1196 , 1, 1062702
1197 , 1, 1041584
1198 , 1, 1044382
1199 , 1, 1053365
1200 , 1, 1088800
1201 , 1, 1038438
1202 , 1, 1071394
1203 , 1, 1058128
1204 , 1, 1108483
1205 , 1, 1080871
1206 , 1, 1112469
1207 , 1, 1107533
1208 , 1, 1107240
1209 , 1, 1092566
1210 , 1, 1101071
1211 , 1, 1095103
1212 , 1, 1328174
1213 , 1, 1085937
1214 , 1, 1100681
1215 , 1, 1105107
1216 , 1, 1095284
1217 , 1, 1080535
1218 , 1, 1074025
1219 , 0, 4256300
1220 , 1, 1046598
1221 , 1, 1040014
1222 , 1, 1035909
1223 , 1, 1033576
1224 , 1, 1022022
1225 , 1, 1044195
1226 , 1, 1010157
1227 , 1, 1032993
1228 , 1, 1011880
1229 , 1, 1017529
1230 , 1, 1023865
1231 , 1, 1042608
1232 , 1, 1053349
1233 , 1, 1053253
1234 , 1, 1058764
1235 , 1, 1060082
1236 , 1, 1072719
1237 , 1, 1070034
1238 , 1, 1070736
1239 , 1, 1070854
1240 , 1, 1048316
1241 , 1, 1034158
1242 , 1, 1019598
1243 , 0, 4272536
1244 , 1, 1029116
1245 , 1, 1027638
1246 , 1, 1045086
1247 , 1, 1041708
1248 , 1, 1047785
1249 , 1, 1046132
1250 , 1, 1054570
1251 , 1, 1061003
1252 , 1, 1074010
1253 , 1, 1077587
1254 , 1, 1080230
1255 , 1, 1087982
1256 , 1, 1075588
1257 , 1, 1056133
1258 , 1, 1054787
1259 , 1, 1095023
1260 , 1, 1091743
1261 , 1, 1084406
1262 , 1, 1072834
1263 , 1, 1067462
1264 , 1, 1067377
1265 , 1, 1109040
1266 , 1, 1176881
1267 , 0, 4280513
1268 , 1, 1226358
1269 , 1, 1250693
1270 , 1, 1260676
1271 , 1, 1269881
1272 , 1, 1270508
1273 , 1, 1267454
1274 , 1, 1246662
1275 , 1, 1223507
1276 , 1, 1182872
1277 , 1, 1177322
1278 , 1, 1170928
1279 , 1, 1156898
1280 , 1, 1141608
1281 , 1, 1103770
1282 , 0, 4222235
1283 , 1, 1036050
1284 , 1, 958528
1285 , 1, 943598
1286 , 1, 940974
1287 , 1, 941152
1288 , 1, 939476
1289 , 1, 937265
1290 , 1, 933591
1291 , 1, 934986
1292 , 1, 939073
1293 , 1, 935886
1294 , 1, 932090
1295 , 1, 934311
1296 , 1, 937311
1297 , 1, 940282
1298 , 1, 936592
1299 , 1, 939286
1300 , 1, 940130
1301 , 1, 937887
1302 , 1, 943475
1303 , 1, 938042
1304 , 1, 936885
1305 , 1, 937123
1306 , 0, 4241995
1307 , 1, 944513
1308 , 1, 935972
1309 , 1, 939323
1310 , 1, 941603
1311 , 1, 940632
1312 , 1, 942090
1313 , 1, 936583
1314 , 1, 940766
1315 , 1, 938920
1316 , 1, 932166
1317 , 1, 938336
1318 , 1, 933369
1319 , 1, 936513
1320 , 1, 937972
1321 , 1, 926033
1322 , 1, 936905
1323 , 1, 928435
1324 , 1, 929174
1325 , 1, 936610
1326 , 1, 930115
1327 , 0, 4357767
1328 , 1, 1052981
1329 , 1, 961590
1330 , 1, 949334
1331 , 1, 947918
1332 , 1, 943104
1333 , 1, 942688
1334 , 1, 944611
1335 , 1, 941385
1336 , 1, 949393
1337 , 1, 941811
1338 , 1, 947894
1339 , 1, 950317
1340 , 1, 948590
1341 , 1, 951199
1342 , 1, 953639
1343 , 1, 951970
1344 , 1, 960309
1345 , 1, 955314
1346 , 1, 965259
1347 , 1, 968435
1348 , 1, 970848
1349 , 1, 969976
1350 , 1, 967464
1351 , 0, 4384639
1352 , 1, 966428
1353 , 1, 959197
1354 , 1, 966601
1355 , 1, 958642
1356 , 1, 963601
1357 , 1, 962793
1358 , 1, 964607
1359 , 1, 961217
1360 , 1, 961641
1361 , 1, 962588
1362 , 1, 961287
1363 , 1, 961829
1364 , 1, 955773
1365 , 1, 955256
1366 , 1, 958333
1367 , 1, 953286
1368 , 1, 958220
1369 , 1, 955846
1370 , 1, 951195
1371 , 1, 947872
1372 , 1, 947297
1373 , 1, 948414
1374 , 1, 944440
1375 , 0, 4387961
1376 , 1, 938941
1377 , 1, 941607
1378 , 1, 941530
1379 , 0, 4270633
1380 , 1, 1053148
1381 , 1, 1055637
1382 , 1, 1083598
1383 , 1, 1031634
1384 , 1, 1040284
1385 , 1, 1020882
1386 , 1, 1036505
1387 , 1, 1038048
1388 , 1, 1068612
1389 , 1, 1052980
1390 , 1, 1052074
1391 , 1, 1023545
1392 , 1, 1021532
1393 , 1, 1034470
1394 , 1, 1049680
1395 , 1, 1045439
1396 , 1, 1063989
1397 , 1, 1051065
1398 , 1, 1064114
1399 , 1, 1108100
1400 , 1, 1153283
1401 , 1, 1180762
1402 , 1, 1198644
1403 , 0, 4288978
1404 , 1, 1227595
1405 , 1, 1239138
1406 , 1, 1257505
1407 , 1, 1262012
1408 , 1, 1272777
1409 , 1, 1263543
1410 , 1, 1264559
1411 , 1, 1260830
1412 , 1, 1256285
1413 , 1, 1235191
1414 , 1, 1254272
1415 , 1, 1255390
1416 , 1, 1244103
1417 , 1, 1237182
1418 , 1, 1218128
1419 , 1, 1163344
1420 , 1, 1118929
1421 , 1, 1085305
1422 , 1, 1078853
1423 , 1, 1092454
1424 , 1, 1100915
1425 , 1, 1110981
1426 , 1, 1102241
1427 , 0, 4285654
1428 , 1, 1072080
1429 , 0, 4187727
1430 , 1, 1118940
1431 , 1, 1047668
1432 , 1, 1082463
1433 , 1, 1136239
1434 , 1, 1149744
1435 , 1, 1166502
1436 , 1, 1183892
1437 , 1, 1179049
1438 , 1, 1167442
1439 , 1, 1135516
1440 , 1, 1126214
1441 , 1, 1146451
1442 , 1, 1129918
1443 , 1, 1148314
1444 , 1, 1132028
1445 , 1, 1167533
1446 , 1, 1143884
1447 , 1, 1160295
1448 , 1, 1168187
1449 , 1, 1187793
1450 , 1, 1188704
1451 , 1, 1186075
1452 , 1, 1172380
1453 , 0, 4248465
1454 , 1, 1149931
1455 , 1, 1150435
1456 , 1, 1121734
1457 , 1, 1143154
1458 , 1, 1130953
1459 , 1, 1138524
1460 , 1, 1169364
1461 , 1, 1148340
1462 , 1, 1223633
1463 , 1, 1158772
1464 , 1, 1146234
1465 , 1, 1160388
1466 , 1, 1200460
1467 , 1, 1223081
1468 , 1, 1269414
1469 , 1, 1270081
1470 , 1, 1294203
1471 , 1, 1295371
1472 , 1, 1269116
1473 , 1, 1275420
1474 , 0, 4248516
1475 , 1, 1240801
1476 , 1, 1205544
1477 , 1, 1184794
1478 , 1, 1187124
1479 , 1, 1192980
1480 , 1, 1185966
1481 , 1, 1217036
1482 , 0, 4242848
1483 , 1, 1230281
1484 , 0, 4260569
1485 , 1, 1268427
1486 , 1, 1282321
1487 , 1, 1276849
1488 , 1, 1254110
1489 , 1, 1261460
1490 , 1, 1247866
1491 , 1, 1218419
1492 , 1, 1208694
1493 , 1, 1191987
1494 , 1, 1182521
1495 , 1, 1173927
1496 , 1, 1164109
1497 , 1, 1140506
1498 , 1, 1158776
1499 , 1, 1153058
1500 , 1, 1138726
1501 , 1, 1128808
1502 , 1, 1181730
1503 , 1, 1176496
1504 , 1, 1233116
1505 , 1, 1238262
1506 , 1, 1266257
1507 , 1, 1277605
1508 , 0, 4272564
1509 , 1, 1247826
1510 , 1, 1247049
1511 , 1, 1216121
1512 , 1, 1219797
1513 , 1, 1179952
1514 , 1, 1159203
1515 , 1, 1149833
1516 , 1, 1153782
1517 , 1, 1173316
1518 , 1, 1187028
1519 , 1, 1195562
1520 , 1, 1225086
1521 , 1, 1237095
1522 , 1, 1235215
1523 , 1, 1237107
1524 , 1, 1242549
1525 , 1, 1231256
1526 , 1, 1256053
1527 , 1, 1235994
1528 , 1, 1255595
1529 , 1, 1211754
1530 , 1, 1193448
1531 , 1, 1168542
1532 , 0, 4247201
1533 , 1, 1125363
1534 , 1, 1093650
1535 , 0, 4233071
1536 , 1, 1137340
1537 , 1, 1140981
1538 , 1, 1142526
1539 , 1, 1157228
1540 , 1, 1153485
1541 , 1, 1160751
1542 , 1, 1162430
1543 , 1, 1175022
1544 , 1, 1173467
1545 , 1, 1181481
1546 , 1, 1180862
1547 , 0, 4247736
1548 , 0, 4252210
1549 , 1, 1194863
1550 , 1, 1182107
1551 , 1, 1204373
1552 , 0, 4254160
1553 , 0, 4253562
1554 , 0, 4255063
1555 , 0, 4263185
1556 , 0, 4258594
1557 , 0, 4256757
1558 , 1, 1197137
1559 , 1, 1204629
1560 , 1, 1204883
1561 , 1, 1205252
1562 , 1, 1194601
1563 , 1, 1193952
1564 , 1, 1184084
1565 , 1, 1199416
1566 , 1, 1181622
1567 , 1, 1187253
1568 , 1, 1164262
1569 , 1, 1160142
1570 , 1, 1140988
1571 , 1, 1135197
1572 , 1, 1120154
1573 , 1, 1136906
1574 , 1, 1115395
1575 , 1, 1116924
1576 , 1, 1111855
1577 , 1, 1108653
1578 , 1, 1105381
1579 , 1, 1098022
1580 , 1, 1092586
1581 , 0, 4269984
1582 , 1, 1087350
1583 , 1, 1093776
1584 , 1, 1093332
1585 , 1, 1098000
1586 , 1, 1092682
1587 , 1, 1099684
1588 , 1, 1081646
1589 , 1, 1097504
1590 , 1, 1081532
1591 , 1, 1100873
1592 , 1, 1108698
1593 , 1, 1128879
1594 , 1, 1103875
1595 , 1, 1110653
1596 , 1, 1112024
1597 , 1, 1104117
1598 , 1, 1098661
1599 , 1, 1095294
1600 , 1, 1097258
1601 , 1, 1084824
1602 , 1, 1079569
1603 , 1, 1078489
1604 , 1, 1065910
1605 , 0, 4268822
1606 , 1, 1050610
1607 , 1, 1053906
1608 , 1, 1044212
1609 , 1, 1025499
1610 , 1, 1016073
1611 , 1, 1005517
1612 , 1, 1001931
1613 , 1, 999696
1614 , 1, 1007504
1615 , 1, 980310
1616 , 1, 972941
1617 , 1, 968969
1618 , 1, 957613
1619 , 1, 953419
1620 , 1, 949373
1621 , 1, 946515
1622 , 1, 945790
1623 , 1, 953125
1624 , 1, 977384
1625 , 1, 999895
1626 , 1, 995427
1627 , 1, 971196
1628 , 1, 981238
1629 , 0, 4274756
1630 , 1, 988714
1631 , 1, 995632
1632 , 1, 974377
1633 , 1, 966460
1634 , 1, 960461
1635 , 1, 956450
1636 , 1, 957188
1637 , 1, 952429
1638 , 1, 949798
1639 , 1, 951573
1640 , 1, 950163
1641 , 1, 945353
1642 , 1, 942506
1643 , 1, 935568
1644 , 1, 931699
1645 , 1, 937465
1646 , 1, 931118
1647 , 1, 930536
1648 , 1, 926562
1649 , 1, 927981
1650 , 1, 931012
1651 , 1, 929159
1652 , 1, 923666
1653 , 0, 4282423
1654 , 1, 923093
1655 , 1, 924835
1656 , 1, 925258
1657 , 1, 924518
1658 , 1, 924750
1659 , 1, 926770
1660 , 1, 924599
1661 , 1, 925810
1662 , 1, 928479
1663 , 1, 927823
1664 , 1, 928781
1665 , 1, 930032
1666 , 1, 930454
1667 , 1, 927132
1668 , 1, 930888
1669 , 1, 933799
1670 , 1, 936160
1671 , 1, 944718
1672 , 1, 947997
1673 , 1, 971352
1674 , 1, 990029
1675 , 1, 1006474
1676 , 1, 1010738
1677 , 0, 4279308
1678 , 1, 1004060
1679 , 1, 1006320
1680 , 1, 996215
1681 , 1, 991281
1682 , 1, 980372
1683 , 1, 966367
1684 , 1, 958181
1685 , 1, 962460
1686 , 1, 955217
1687 , 1, 960779
1688 , 1, 954076
1689 , 1, 956811
1690 , 1, 965432
1691 , 1, 981190
1692 , 1, 987703
1693 , 1, 994841
1694 , 1, 989769
1695 , 1, 989782
1696 , 1, 988746
1697 , 1, 991175
1698 , 1, 1012821
1699 , 1, 1023069
1700 , 1, 1032941
1701 , 0, 4286104
1702 , 1, 1030039
1703 , 1, 1015945
1704 , 1, 1011892
1705 , 1, 1013988
1706 , 1, 1005690
1707 , 1, 1000796
1708 , 1, 998228
1709 , 1, 985822
1710 , 1, 967539
1711 , 1, 959338
1712 , 1, 967945
1713 , 1, 988306
1714 , 1, 1003721
1715 , 1, 1010421
1716 , 1, 1010969
1717 , 1, 1019466
1718 , 1, 1020030
1719 , 1, 1026945
1720 , 1, 1026584
1721 , 1, 1020352
1722 , 1, 1016255
1723 , 1, 1006692
1724 , 1, 985663
1725 , 0, 4279684
1726 , 1, 960452
1727 , 1, 950328
1728 , 1, 946126
1729 , 1, 942168
